56
77
45
17
71
65
40
65
92
67
13
56
99
46
6
61
63
16
35
36
77
19
96
68
30
16
54
75
69
41
26
2
45
70
70
36
63
97
73
26
34
82
89
30
65
100
50
78
100
75
73
65
37
65
57
37
81
77
87
55
12
65
97
51
42
11
12
29
77
71
99
67
44
9
3
96
31
67
4
30
67
76
75
95
69
62
66
81
13
33
55
86
10
18
15
69
86
39
89
54
89
21
2
30
76
6
21
28
62
62
7
15
74
57
89
36
90
2
82
80
46
31
17
45
16
13
58
27
95
35
11
93
78
50
42
46
75
46
19
64
42
38
19
52
27
40
13
53
29
80
79
84
57
10
9
58
5
57
14
64
48
94
34
28
52
15
37
25
16
44
62
45
84
19
38
8
13
66
19
76
100
6
99
16
56
28
36
69
41
84
41
18
32
55
16
49
4
91
100
12
4
89
37
86
18
34
100
39
72
1
46
40
39
38
64
43
96
19
73
25
79
69
84
33
3
44
14
30
3
90
5
22
66
7
73
12
70
14
98
22
28
97
97
41
39
2
80
94
91
74
53
86
19
76
34
35
5
5
83
75
21
71
37
82
97
24
75
33
65
53
74
83
22
51
97
82
72
44
95
2
65
20
39
29
37
20
4
90
74
39
7
65
31
23
2
58
61
15
44
15
27
48
29
39
1
71
64
69
80
52
63
62
11
81
11
1
32
8
46
78
20
85
60
27
46
9
52
99
49
40
21
57
100
80
75
17
92
1
29
67
56
36
11
22
76
46
55
50
12
2
26
54
70
67
95
43
88
3
94
93
19
65
20
40
31
7
63
31
7
94
10
32
80
79
22
85
75
38
52
1
54
3
88
47
14
68
87
33
86
33
29
89
7
36
48
91
16
71
92
70
83
25
44
19
93
95
74
92
45
10
68
51
52
94
39
17
78
73
27
63
20
30
46
74
65
21
25
44
32
31
69
4
47
83
18
29
59
69
55
19
95
96
88
76
65
79
38
14
97
31
14
43
44
29
50
54
80
71
54
73
71
30
60
15
41
65
5
70
76
10
59
9
19
9
69
24
42
70
9
87
83
11
47
1
18
27
61
19
33
65
50
89
16
82
48
65
36
74
35
1
75
69
39
87
73
5
25
36
60
26
12
10
62
68
91
61
83
60
97
15
5
87
37
12
61
71
94
37
61
5
89
69
36
9
12
14
73
61
28
13
2
25
59
7
54
41
27
49
92
88
82
77
77
20
97
89
33
27
27
3
11
88
76
56
38
43
74
54
56
78
88
23
32
85
13
80
28
30
59
20
44
46
46
73
24
13
92
17
12
24
81
46
34
26
2
15
50
4
70
11
67
74
93
15
100
59
45
93
7
18
61
3
69
7
60
66
42
3
32
26
52
58
42
32
97
43
90
7
83
99
31
25
61
48
53
71
53
32
73
65
69
99
10
95
64
79
77
27
67
37
73
47
72
44
59
10
32
61
19
58
69
38
11
9
87
36
43
21
54
89
13
11
30
67
58
53
48
48
69
18
66
63
41
46
26
84
54
17
90
44
39
92
13
16
97
31
89
1
8
28
36
56
73
78
24
63
17
5
87
7
62
84
93
1
92
6
98
65
84
3
82
27
32
11
51
21
98
14
71
27
65
48
40
42
83
10
91
63
23
64
68
50
30
84
82
55
100
13
25
91
34
24
18
6
46
10
25
62
27
3
65
3
34
60
42
15
45
51
19
82
16
35
43
20
36
33
97
49
29
96
21
86
90
81
94
42
30
35
96
73
86
29
37
20
100
65
17
71
42
68
11
49
95
44
75
100
81
98
70
14
14
76
34
32
82
79
14
53
66
1
86
10
56
46
96
88
99
24
21
72
16
26
8
62
86
73
92
47
6
95
61
32
66
83
60
11
96
5
38
21
52
64
5
41
83
2
94
49
48
88
1
57
77
99
98
88
69
72
47
10
88
67
47
72
40
54
45
73
86
86
93
94
87
1
21
52
22
67
80
85
79
43
100
19
94
4
55
68
85
73
43
24
59
28
33
85
17
33
1
29
57
21
64
62
96
8
71
77
78
46
67
2
92
63
32
46
68
29
79
37
99
77
89
14
44
69
35
60
69
36
35
89
66
51
28
58
79
38
24
86
34
79
90
39
7
41
33
97
96
87
17
89
55
65
31
81
33
50
19
28
73
12
9
43
11
78
37
41
36
74
67
31
6
93
4
20
88
50
8
4
36
39
64
82
20
47
34
1
21
48
